AHC067 得点・ターン数 対応表  (N=20, 150ケース)
============================================================
得点(1ケース) = round(10^6 * log2(T/20))
合計得点 = 150 * 1ケース得点
T = 1ケースで使わせたターン数(最小行動回数)

【基準】合計 1,600,000,000 のとき
  合計=1,600,000,000  1ケース=10,666,666.7  T≈32,510.0

■ 表1: 合計得点が切りのいい数字のとき
            合計得点 |         1ケース得点 |        ターン数T
--------------------------------------------------
     800,000,000 |      5,333,333 |        806.3
   1,000,000,000 |      6,666,667 |      2,031.9
   1,200,000,000 |      8,000,000 |      5,120.0
   1,400,000,000 |      9,333,333 |     12,901.6
   1,500,000,000 |     10,000,000 |     20,480.0
   1,600,000,000 |     10,666,667 |     32,510.0
   1,700,000,000 |     11,333,333 |     51,606.4
   1,800,000,000 |     12,000,000 |     81,920.0
   2,000,000,000 |     13,333,333 |    206,425.5

■ 表2: 1ケース得点が切りのいい数字のとき
      1ケース得点 |             合計得点 |        ターン数T
--------------------------------------------------
   5,000,000 |      750,000,000 |        640.0
   6,000,000 |      900,000,000 |      1,280.0
   7,000,000 |    1,050,000,000 |      2,560.0
   8,000,000 |    1,200,000,000 |      5,120.0
   9,000,000 |    1,350,000,000 |     10,240.0
  10,000,000 |    1,500,000,000 |     20,480.0
  10,666,667 |    1,600,000,050 |     32,510.0
  11,000,000 |    1,650,000,000 |     40,960.0
  12,000,000 |    1,800,000,000 |     81,920.0
  13,000,000 |    1,950,000,000 |    163,840.0

■ 表3: ターン数Tが切りのいい数字のとき
     ターン数T |         1ケース得点 |             合計得点
--------------------------------------------------
        40 |      1,000,000 |      150,000,000
       100 |      2,321,928 |      348,289,214
       200 |      3,321,928 |      498,289,214
       400 |      4,321,928 |      648,289,214
       500 |      4,643,856 |      696,578,428
     1,000 |      5,643,856 |      846,578,428
     2,000 |      6,643,856 |      996,578,428
     5,000 |      7,965,784 |    1,194,867,643
    10,000 |      8,965,784 |    1,344,867,643
    20,000 |      9,965,784 |    1,494,867,643
    32,510 |     10,666,668 |    1,600,000,176
    50,000 |     11,287,712 |    1,693,156,857

補足: T=20(=N)で得点0、T=40で1ケース100万点。
Tはbest=2^K*N^2=1024*400=409600が理論上限付近。